137
151
51
48
102
162
137
92
42
37
54
78
49
27
49
46
17
17
29
44
60
27
38
16
32
39
24
32
38
7
46
36
34
27
24
44
41
19
34
36
45
23
18
25
15
14
28
12
20
32
21
34
18
12
18
14
17
18
11
14
13
23
20
15
30
15
15
20
22
20
20
28
21
15
21
23
12
11
28
29
17
17
9
9
25
22
25
14
18
10
12
19
13
8
14
18
21
26
18
14
26
11
5
15
18
8
15
21
15
17
7
10
12
6
14
11
9
11
29
6
9
13
14
12
12
18
21
18
11
11
13
16
22
14
8
26
9
19
18
19
14
17
13
11
20
13
11
10
5
12
10
11
9
6
19
13
22
11
13
11
12
7
19
9
10
16
9
9
14
12
16
9
10
20
13
8
8
23
15
6
11
20
15
10
9
13
14
11
14
8
15
9
9
9
10
6
7
13
10
11
11
14
12
11
7
10
9
9
8
9
18
19
12
6
11
8
13
6
7
12
6
9
8
12
9
12
15
8
10
6
13
21
17
5
15
15
5
9
14
5
9
7
13
13
6
14
15
8
12
8
12
12
12
15
8
13
7
11
6
10
9
18
16
11
6
11
8
9
8
14
9
15
11
6
7
7
8
8
6
6
17
6
8
13
10
6
7
14
6
16
6
8
13
10
7
8
9
10
10
8
9
9
8
7
8
11
10
8
5
10
11
8
5
8
9
13
13
12
6
5
6
9
11
13
7
13
10
7
10
6
9
6
7
10
17
7
9
9
6
6
14
7
14
8
6
7
7
11
7
7
10
9
6
9
8
10
6
7
7
11
8
6
10
10
7
12
7
8
9
6
8
8
7
7
9
6
11
8
5
12
11
16
6
8
13
8
9
6
5
5
13
11
8
8
9
10
7
11
9
6
8
6
9
7
6
7
6
6
6
12
6
9
8
8
5
6
8
7
8
9
8
8
8
7
8
9
7
6
7
9
7
6
6
10
6
6
6
11
13
11
8
5
6
9
5
6
5
6
5
7
7
8
8
8
8
7
7
6
7
8
7
8
5
5
7
6
5
6
6
5
7
12
8
7
5
7
7
6
5
6
7
7
7
6
5
10
8
8
7
10
7
8
7
8
7
9
6
6
6
5
8
8
8
10
6
5
6
9
11
5
8
5
7
5
9
10
5
11
8
9
7
6
6
5
6
8
7
5
6
6
5
9
10
7
9
5
6
8
7
8
6
6
8
7
8
7
6
9
5
10
8
6
6
5
9
7
9
8
8
6
6
5
8
5
7
6
8
6
6
6
7
8
7
7
5
6
6
9
7
6
7
6
7
5
7
6
5
7
6
6
6
7
8
6
5
6
6
8
8
8
5
6
6
6
9
5
5
6
7
6
5
8
6
6
6
5
6
7
6
5
6
6
8
5
8
7
6
5
6
6
6
8
6
6
6
9
7
7
7
7
6
7
6
7
5
5
7
8
6
8
7
6
5
6
7
6
7
7
5
6
8
6
6
7
5
8
6
5
6
6
6
6
7
5
6
6
6
6
6
6
8
5
6
7
8
5
8
5
5
6
5
5
7
6
5
7
6
5
7
5
6
5
6
7
5
6
6
5
6
5
7
5
8
6
5
5
6
6
5
5
5
6
5
6
7
6
5
6
5
5
6
5
7
5
5
7
6
5
7
5
6
6
5
7
7
5
5
8
7
6
6
5
8
7
5
5
6
5
5
5
5
5
5
6
6
6
5
5
6
5
6
6
6
7
6
5
5
5
6
5
6
7
5
5
5
5
5
6
6
6
5
5
6
5
5
7
6
5
5
5
6
6
6
6
5
6
6
6
5
5
5
5
5
5
5
5
5
5
6
5
5
5
5
5
6
5
5
8
7
6
5
5
5
5
6
6
7
5
5
5
5
6
5
5
5
6
5
7
5
5
5
6
5
5
5
5
5
6
6
5
5
6
7
5
5
5
5
5
6
6
5
5
6
5
5
6
5
6
5
5
5
7
6
5
6
7
5
5
5
5
5
5
5
5
5
5
5
6
5
5
5
5
5
6
5
6
5
5
5
5
5
5
5
5
6
5
5
6
6
5
5
5
5
5
6
5
5
5
5
6
5
5
5
5
5
5
6
5
5
5
5
5
5
5
5
5
5
5
6
5
5
5
5
5
5
5
5
5
5
6
5
5
6
5
5
5
5
5
5
5
5
5
5
5
5
5
5
5
5
5
5
5
5
5
5
5
5
5
5
5
5
5
5
5
5
5
5
5
5
5
5
5
5
5
5