51
51
61
65
53
63
52
61
58
73
63
65
63
45
39
57
55
45
54
46
51
46
57
48
52
38
51
48
43
39
38
45
44
47
47
44
35
46
36
40
46
41
43
45
44
40
47
42
35
36
49
36
38
43
40
38
35
44
37
45
40
36
34
34
34
36
44
36
36
29
29
41
37
40
45
33
26
41
27
43
47
31
32
32
32
37
32
39
32
24
32
31
36
34
32
36
24
32
31
27
29
39
32
28
39
42
28
30
32
37
27
28
34
26
30
31
30
30
38
29
34
25
34
36
37
33
25
38
38
23
28
26
26
32
29
26
39
25
36
29
39
24
28
23
33
33
37
28
23
35
28
32
32
25
28
35
25
30
25
25
25
28
29
30
26
28
30
27
24
27
30
26
24
23
26
23
20
29
34
27
33
20
25
29
34
24
26
24
35
25
32
30
19
25
24
24
24
28
26
24
32
26
25
29
18
33
18
20
19
22
24
25
23
24
27
34
26
22
22
26
25
27
23
29
27
26
35
31
14
32
27
22
20
19
28
29
30
24
22
19
20
27
24
24
22
24
22
27
21
24
25
21
20
29
26
21
19
20
26
25
31
22
19
22
20
22
26
30
25
22
23
26
23
26
22
24
20
32
17
24
18
23
22
18
30
19
22
20
27
26
22
24
18
29
25
16
23
19
20
20
24
29
19
18
22
21
22
21
23
18
25
18
26
22
21
28
22
20
17
26
22
19
24
19
19
19
28
28
15
20
20
22
21
20
15
27
21
19
17
16
22
16
23
23
19
15
19
23
17
22
21
19
21
15
21
21
18
19
20
24
22
22
25
21
16
21
22
22
20
25
21
23
23
19
17
20
19
19
16
19
17
23
19
26
24
22
15
18
19
17
21
19
17
21
19
23
18
14
18
21
17
23
19
19
21
17
19
18
16
20
23
17
22
18
22
18
21
18
17
20
21
16
19
22
19
19
16
18
21
17
16
19
18
21
15
15
16
17
15
19
18
26
20
17
15
14
20
16
17
16
18
16
17
22
15
19
24
18
18
22
21
19
18
19
16
16
13
16
16
21
19
16
16
18
18
15
14
22
18
19
20
18
20
14
18
22
14
26
17
20
22
15
15
14
17
17
20
13
20
21
19
18
15
17
17
16
16
18
15
13
16
16
14
18
15
20
16
19
24
18
15
20
13
16
16
18
21
11
17
12
16
18
18
14
12
19
17
15
13
14
17
16
15
16
13
16
15
17
13
18
19
11
17
18
13
19
17
16
19
15
13
15
14
15
18
16
15
17
11
14
18
15
13
20
13
16
17
16
17
12
12
18
15
13
15
12
13
16
20
19
16
15
18
16
17
16
17
20
15
19
14
11
16
12
13
13
18
14
15
15
16
16
17
15
15
13
15
16
18
16
12
14
17
15
20
16
14
14
12
16
12
13
15
15
16
18
11
17
18
14
15
12
14
16
16
13
12
13
14
14
16
18
12
11
11
15
14
14
13
14
15
15
18
16
21
16
15
16
13
17
15
12
21
18
12
15
13
18
15
13
12
13
20
13
14
14
13
14
13
10
16
16
12
17
12
15
12
14
12
15
14
12
13
12
11
14
14
13
18
13
13
14
12
14
15
13
13
19
14
11
10
15
16
13
13
13
10
13
13
10
14
10
14
12
12
13
11
12
11
12
16
12
10
15
11
11
12
12
12
15
13
14
12
14
13
15
10
15
15
13
12
12
14
16
16
14
15
12
13
12
12
12
13
11
13
14
15
11
11
11
13
11
11
12
14
13
11
14
14
11
13
12
13
12
12
12
15
11
16
11
13
10
15
13
12
12
12
13
11
13
13
10
13
11
14
11
11
12
10
14
12
10
12
12
14
11
12
12
13
12
11
15
14
13
10
10
11
12
13
14
12
10
14
12
16
10
12
13
10
14
12
14
11
10
10
10
11
14
11
14
10
12
14
10
12
11
12
12
11
10
10
13
12
13
10
12
13
12
11
11
10
10
11
11
11
11
11
10
12
10
11
11
11
11
12
11
10
12
11
12
12
11
13
11
10
11
10
13
10
10
12
11
10
12
14
12
11
10
11
11
13
10
11
10
10
13
10
10
12
10
10
10
10
11
12
10
12
12
11
10
10
11
10
11
10
11
10
10
10
11
10
11
12
11
12
10
10
10
12
10
10
10
11
10
11
10
11
10
10
10
12
10
11
10
10
10
10
10
10
11
11
10
10
10
10
10
11
10
10
10
10
10
10
10
10
10
10
10
10
10
10
11
10
10
11
10
10
10
10
10